...Wave Drag Slice...
Inlet Area: 0.000000
Exit Area: 0.000000

Theta:   0.00, Start:  -1.71, End:   8.39
         0.00000000,          0.00000557
         0.05263158,          0.03764660
         0.10526316,          0.05788234
         0.15789474,          0.07965739
         0.21052632,          0.09832355
         0.26315789,          1.20407508
         0.31578947,          1.86342164
         0.36842105,          3.46050115
         0.42105263,          2.96256225
         0.47368421,          1.87583792
         0.52631579,          1.81992440
         0.57894737,          1.80501897
         0.63157895,          1.71033280
         0.68421053,          1.49197847
         0.73684211,          0.85399088
         0.78947368,          0.68015833
         0.84210526,          0.15847642
         0.89473684,          0.15104101
         0.94736842,          0.06110151
         1.00000000,          0.00000022

Theta:  20.00, Start:  -2.77, End:   9.54
         0.00000000,          0.00000010
         0.05263158,          0.02893972
         0.10526316,          0.03241343
         0.15789474,          0.04711389
         0.21052632,          0.16732380
         0.26315789,          0.43804635
         0.31578947,          1.87164941
         0.36842105,          2.17379569
         0.42105263,          2.20280692
         0.47368421,          2.21688595
         0.52631579,          2.16945559
         0.57894737,          1.95968473
         0.63157895,          1.57926676
         0.68421053,          1.18716610
         0.73684211,          0.28570367
         0.78947368,          0.22422965
         0.84210526,          0.09485558
         0.89473684,          0.07274585
         0.94736842,          0.03564937
         1.00000000,          0.00000010

Theta:  40.00, Start:  -3.76, End:  10.57
         0.00000000,          0.00000010
         0.05263158,          0.03833290
         0.10526316,          0.06561845
         0.15789474,          0.19890479
         0.21052632,          0.23407007
         0.26315789,          0.26382682
         0.31578947,          1.28947463
         0.36842105,          1.91005202
         0.42105263,          2.00134008
         0.47368421,          2.03636268
         0.52631579,          2.02721075
         0.57894737,          1.89361295
         0.63157895,          1.65887294
         0.68421053,          0.53001171
         0.73684211,          0.18802566
         0.78947368,          0.13179761
         0.84210526,          0.11047901
         0.89473684,          0.07372632
         0.94736842,          0.04826815
         1.00000000,          0.00000011

Theta:  60.00, Start:  -4.66, End:  11.35
         0.00000000,          0.00000012
         0.05263158,          0.02906462
         0.10526316,          0.13744618
         0.15789474,          0.17605287
         0.21052632,          0.19489074
         0.26315789,          0.21259117
         0.31578947,          0.79366020
         0.36842105,          1.73359846
         0.42105263,          1.90353316
         0.47368421,          1.94381767
         0.52631579,          1.97307702
         0.57894737,          1.90115720
         0.63157895,          1.18865200
         0.68421053,          0.29251691
         0.73684211,          0.24733856
         0.78947368,          0.19081768
         0.84210526,          0.10796908
         0.89473684,          0.09039279
         0.94736842,          0.06876310
         1.00000000,          0.00000014

Theta:  80.00, Start:  -5.12, End:  11.78
         0.00000000,          0.00000010
         0.05263158,          0.05419093
         0.10526316,          0.13603132
         0.15789474,          0.16331092
         0.21052632,          0.17948396
         0.26315789,          0.19343598
         0.31578947,          0.73698964
         0.36842105,          1.66012651
         0.42105263,          1.87616954
         0.47368421,          1.88346064
         0.52631579,          1.93081811
         0.57894737,          1.74828117
         0.63157895,          0.89642260
         0.68421053,          0.25730865
         0.73684211,          0.23427958
         0.78947368,          0.19910192
         0.84210526,          0.14777877
         0.89473684,          0.08146324
         0.94736842,          0.11135636
         1.00000000,          0.00000021

Theta: 100.00, Start:  -4.98, End:  11.82
         0.00000000,          0.00000012
         0.05263158,          0.05943927
         0.10526316,          0.13755133
         0.15789474,          0.16407493
         0.21052632,          0.17974724
         0.26315789,          0.19342844
         0.31578947,          1.06386717
         0.36842105,          1.76624427
         0.42105263,          1.87912894
         0.47368421,          1.88243127
         0.52631579,          1.87062330
         0.57894737,          1.50149249
         0.63157895,          0.74410897
         0.68421053,          0.26946318
         0.73684211,          0.23330011
         0.78947368,          0.19983293
         0.84210526,          0.15413496
         0.89473684,          0.07893291
         0.94736842,          0.17439099
         1.00000000,          0.00000061

Theta: 120.00, Start:  -4.37, End:  11.78
         0.00000000,          0.00000010
         0.05263158,          0.03096991
         0.10526316,          0.13713064
         0.15789474,          0.17672119
         0.21052632,          0.19510718
         0.26315789,          0.70232276
         0.31578947,          1.52038686
         0.36842105,          1.95666252
         0.42105263,          1.90464817
         0.47368421,          1.94548047
         0.52631579,          1.70626131
         0.57894737,          1.16824186
         0.63157895,          0.55535391
         0.68421053,          0.26008143
         0.73684211,          0.24151099
         0.78947368,          0.17246442
         0.84210526,          0.10199678
         0.89473684,          0.08067939
         0.94736842,          0.20344611
         1.00000000,          0.00000012

Theta: 140.00, Start:  -3.59, End:  11.61
         0.00000000,          0.00000010
         0.05263158,          0.02642214
         0.10526316,          0.04230926
         0.15789474,          0.17351874
         0.21052632,          0.56438891
         0.26315789,          1.34751215
         0.31578947,          1.93730472
         0.36842105,          2.03938394
         0.42105263,          2.00230827
         0.47368421,          1.94280206
         0.52631579,          1.50433733
         0.57894737,          0.90276013
         0.63157895,          0.41881670
         0.68421053,          0.24606807
         0.73684211,          0.13845664
         0.78947368,          0.13414573
         0.84210526,          0.10447130
         0.89473684,          0.13262606
         0.94736842,          0.16311728
         1.00000000,          0.00000016

Theta: 160.00, Start:  -2.56, End:  11.07
         0.00000000,          0.00000010
         0.05263158,          0.02031360
         0.10526316,          0.05901955
         0.15789474,          0.44315732
         0.21052632,          1.16304838
         0.26315789,          1.95641448
         0.31578947,          2.27218883
         0.36842105,          2.21337326
         0.42105263,          2.20335796
         0.47368421,          1.94265849
         0.52631579,          1.42229218
         0.57894737,          0.68869066
         0.63157895,          0.17007698
         0.68421053,          0.06348861
         0.73684211,          0.11428011
         0.78947368,          0.07862407
         0.84210526,          0.17892067
         0.89473684,          0.25328033
         0.94736842,          0.16663395
         1.00000000,          0.00000031

Theta: 180.00, Start:  -1.41, End:  10.22
         0.00000000,          0.00000021
         0.05263158,          0.14224068
         0.10526316,          0.69570754
         0.15789474,          1.28307885
         0.21052632,          1.68720465
         0.26315789,          1.82144124
         0.31578947,          2.37198588
         0.36842105,          3.41787280
         0.42105263,          2.35548547
         0.47368421,          1.41713370
         0.52631579,          1.00749045
         0.57894737,          0.59244496
         0.63157895,          0.20476256
         0.68421053,          0.04573828
         0.73684211,          0.03802606
         0.78947368,          0.03103593
         0.84210526,          0.11771299
         0.89473684,          0.12838342
         0.94736842,          0.53921830
         1.00000000,          0.00117752

CDWave:          0.17659580 
Mach:          1.50000000 
Set Name: Shown 
